METRIC_HEADER,name,frames,voiced,tracked,raw_median_cents,raw_p95,raw_max,tracked_p95,octave_errors,gross_errors,mean_confidence,correct_targets,target_frames,switches,tracked_max,tracked_octaves,tracked_gross
METRIC,pure,1440,1440,1440,0.3368,5.6225,6.7782,5.6222,0,0,0.9998,1440,1440,0,6.7781,0,0
METRIC,harmonic,1440,1440,1440,0.3346,5.2919,6.7524,5.2919,0,0,0.9991,1440,1440,0,6.7506,0,0
METRIC,dominant_second,1440,1440,1440,0.1324,4.5060,5.7808,4.5061,0,0,0.9980,1440,1440,0,5.7779,0,0
METRIC,missing_fundamental,1440,1440,1440,0.2511,4.2808,5.6902,4.2810,0,0,0.9967,1440,1440,0,5.6848,0,0
METRIC,noise_snr_30.000000,600,600,600,0.7177,1.4110,1.6445,1.4137,0,0,0.9982,0,0,0,1.6075,0,0
METRIC,noise_snr_20.000000,600,600,600,0.7301,1.5090,1.8344,1.4938,0,0,0.9972,0,0,0,1.7776,0,0
METRIC,noise_snr_10.000000,600,600,600,1.0657,2.7115,4.7030,2.5749,0,0,0.9877,0,0,0,4.4159,0,0
METRIC,noise_snr_0.000000,600,600,594,3.5767,16.2191,33.9987,15.0684,0,0,0.9020,0,0,0,32.0606,0,0
METRIC,noise_snr_-10.000000,600,0,0,nan,nan,nan,nan,0,0,0.5197,0,0,0,nan,0,0
METRIC,vibrato_44100.000000,185,185,185,14.4153,21.0220,21.4629,22.2721,0,0,0.9988,185,185,0,22.6914,0,0
METRIC,slide_60_44100.000000,185,185,185,5.2481,5.7404,6.0387,6.1184,0,0,0.9997,0,0,4,6.3686,0,0
METRIC,slide_57_44100.000000,185,185,185,9.4955,10.1678,10.6933,10.7967,0,0,0.9995,0,0,7,11.2956,0,0
METRIC,vibrato_48000.000000,185,185,185,12.5796,20.1197,21.1959,21.1587,0,0,0.9991,185,185,0,22.4157,0,0
METRIC,slide_60_48000.000000,185,185,185,5.3865,5.8155,5.9932,6.1926,0,0,0.9998,0,0,4,6.3631,0,0
METRIC,slide_57_48000.000000,185,185,185,9.5238,10.2619,10.8322,10.9235,0,0,0.9996,0,0,7,11.4238,0,0
METRIC,vibrato_96000.000000,185,185,185,12.5846,20.1280,21.2057,21.1639,0,0,0.9991,185,185,0,22.4259,0,0
METRIC,slide_60_96000.000000,185,185,185,5.3887,5.8180,5.9953,6.1955,0,0,0.9998,0,0,4,6.3651,0,0
METRIC,slide_57_96000.000000,185,185,185,9.5276,10.2654,10.8356,10.9270,0,0,0.9996,0,0,7,11.4274,0,0
STATE,target hysteresis bidirectional and jitter; transient jumps; real octave; dropout; attack; smoothing,PASS
TRANSITION,44100.0000,60,62,49.8866,59.8639,39.0023
TRANSITION,44100.0000,64,67,49.8866,59.8639,39.0023
TRANSITION,44100.0000,57,69,49.8866,59.8639,68.9342
TRANSITION,48000.0000,60,62,50.0000,60.0000,30.0000
TRANSITION,48000.0000,64,67,50.0000,60.0000,40.0000
TRANSITION,48000.0000,57,69,50.0000,60.0000,70.0000
TRANSITION,96000.0000,60,62,50.0000,60.0000,30.0000
TRANSITION,96000.0000,64,67,50.0000,60.0000,40.0000
TRANSITION,96000.0000,57,69,50.0000,60.0000,70.0000
VOICING,64,0,96,0,1.0000,1.0000,20.0000,30.0000
METRIC,amplitude_0.000100,35,0,0,nan,nan,nan,nan,0,0,0.0000,0,35,0,nan,0,0
METRIC,amplitude_0.000500,35,0,0,nan,nan,nan,nan,0,0,0.0000,0,35,0,nan,0,0
METRIC,amplitude_0.004000,35,35,35,0.0994,0.1398,0.1398,0.1358,0,0,1.0000,35,35,0,0.1358,0,0
METRIC,amplitude_0.900000,35,35,35,0.0994,0.1398,0.1398,0.1358,0,0,1.0000,35,35,0,0.1358,0,0
SIBILANCE_PROXY,0,40
RESULT,PASS,0 failures
